# P4-10: the examined IMOs, frozen 2026-09-29 (docs/DECISIONS.md). Every IMO that was
# ever-sanctioned on the 2026-09-21 snapshot AND in the June or November 2024 P4-0 population;
# identical to the vessels in the website's shadow.json. These were examined while designing
# P4-3c's destination regexes and column set, so model.sealed_split never seals them.
# Do not regenerate from the panels: panels rebuilt with new label sources would change the set.
1021570
8406573
8711289
8724080
8807416
8904410
9088524
9122473
9137648
9144782
9159921
9179854
9183295
9189146
9198226
9205067
9206671
9209972
9210359
9224465
9228538
9229374
9231509
9232888
9232931
9233741
9235725
9236016
9236353
9236652
9236743
9237084
9240550
9241487
9243320
9247376
9247390
9247431
9247780
9247883
9248849
9249130
9249312
9250385
9250543
9251456
9252943
9253076
9253313
9253325
9253894
9255244
9255660
9255672
9257022
9257137
9257814
9258868
9258882
9259197
9259408
9259733
9259991
9265756
9266750
9266877
9271896
9272412
9273052
9274434
9276030
9277759
9279434
9281011
9282041
9282479
9282481
9282493
9282508
9283289
9283291
9284582
9284594
9284726
9285835
9286281
9288693
9288710
9288722
9288734
9288746
9288851
9289776
9290309
9290517
9290828
9291250
9292204
9292503
9292577
9292589
9292981
9293117
9293155
9293959
9296810
9296822
9297357
9297541
9299135
9299680
9299692
9299707
9299719
9299721
9299769
9299862
9299874
9299886
9299898
9299903
9303754
9304356
9304825
9305556
9305568
9306627
9306794
9308065
9308077
9308132
9308170
9308443
9308821
9308833
9308950
9310525
9310707
9311622
9311751
9314105
9314167
9318022
9318034
9318541
9319674
9319703
9319870
9321677
9321689
9321718
9322956
9323340
9323364
9323376
9323596
9326885
9327360
9328170
9329655
9329760
9330501
9330604
9331141
9331153
9332834
9333400
9333412
9337327
9337418
9337901
9339325
9339337
9341081
9345623
9346720
9346885
9348479
9349289
9353096
9353113
9354301
9354313
9360415
9368223
9368235
9369760
9378632
9379052
9380673
9382073
9382798
9383869
9383950
9384435
9384447
9384459
9384992
9386536
9387255
9387279
9388742
9388754
9388766
9388780
9388792
9389071
9389679
9390587
9394935
9395379
9397535
9397547
9398046
9400980
9402471
9408190
9408695
9409467
9411331
9412452
9417464
9419137
9419448
9419450
9422457
9436006
9436018
9436020
9436941
9437983
9451642
9503304
9511521
9511533
9522324
9524451
9524463
9530917
9538892
9544281
9577082
9577094
9590137
9621596
9621601
9630028
9637492
9673202
9735323
9737187
9741724
9743033
9780940
9832559
9842176
9842190
9849887
9866380
9897705
